2 8 10 13 20 27 28 42 45
20 41 42 47
0 6 30 32 37 40 42
20 25 36 43
12 22 39 45
23 27 40
2 15 18 25 26
10 28
0 13 20 39
11 20 24 32 40
0 7 26 35 47
9 21 29 32 36 45 46
4 19 34 40
0 8 38 44
18 20 28
6 23 37 42 44
36 37
24 36 37 41 49
6 14 27
12 35
0 1 3 8 9 14 48
11 29
4 27 28 34 40 49
5 15 32
9 17 33
3 6 30
6 10 34 44 49
0 5 18 22 36 47
0 7 14 22 30 35 48
11 21 33 41 48 49
2 25 28 35 45
33 39 40 42
2 9 11 23 34 46
24 29 31 36 38 39
12 22 26 32
10 19 28 30 41 49
3 11 16 17 27 33 42
2 15 16 17 39 40
13 33 45 48
4 8 31 33 37 44
2 5 9 12 22 31 37 43 45 46
1 17 29 35 46
0 1 2 15 31 36 45
3 40
13 15 26 39
0 4 11 30 38 40 42
11 32 40 41
1 10 27
20 28 29 38
17 22 26 29 35
