2 10 13 20 42 68 90
3 27 29
0 75 96
1 7 34 52 78
9 30 42 96
14 22 25 39 49 64
17 26 65
3 20 52 64
62 71 96
4 19 37 63
0 22 32 61 79 92 99
12 27
11 16 24 30 56 59 65 75 76 84
0
5 42 93 99
27 37 44 65 73 86 88
12 42 58
6 27 79 80
47 85
9 31 45 48
0 7 38 67
27 85 92
5 10 37 38 54 57 60
50
12 28 37 45 47 51 78 87 92 97
5 52 72 81
6
1 11 15 17 21 29 36 48 81
24 61 72 88
1 27 81
4 12 32 39 59 64 83
19 65 68
10 30 48 66 96
43 50
3 37 47 55 66 74 80 87
75 90 98
27 70 93
9 15 22 24 34 60 74 84
20 22
5 30 49 54 61 90
44 65 68 72
59
0 4 14 16 59 72 75
33 55 59 63 91 96
15 40 58 65 96
19 24 50 98
72 97
18 24 34
19 27 32 49 61 80
5 39 48 87
23 33 45 57 65 92
24 79
3 7 25 75 98
54 91 97
22 39 53 93 94 98
34 43 62 93
12 63 86
22 50 82 90
16 44 64 69 71
12 30 41 42 43 72 82
22 37 74 99
10 28 39 48
8 55 76
9 43 56 79 90
5 7 30 58 69 95
6 12 15 31 40 44 50 66 70 74
32 34 65 69 70
20 71 81 97 98
0 31 40
58 64 66 82 86
36 65 66
8 58 67 75
25 28 40 42 46 59
15 76 84
34 37 60 65 92 96
2 12 35 42 52 71 89
12 62 73 90 97
87 91
3 24 80 83 90 96
10 17 51 63 90
17 34 48 78 88
25 27 29 67
57 59 69
30 78
12 37 73 91 93
18 21 94
15 56 69 94
24 34 49 77 90
15 28 80
75
0 35 39 57 63 76 78 79 87
43 53 77 84
10 21 24 50 74
14 36 54 55 84
54 85 86 97
64
2 4 8 32 43 44 74 78
24 46 53 67 76 94
35 45 52 54 67
10 14 60
