2,1 8,1 10,1 13,2 20,3 27,1 28,1 42,1 45,2
20,2 41,2 42,1 47,1
0,1 6,1 30,2 32,3 37,3 40,2 42,2
20,1 25,3 36,3 43,1
12,1 22,3 39,3 45,2
23,3 27,1 40,2
2,1 15,3 18,1 25,2 26,3
10,1 28,2
0,1 13,1 20,3 39,2
11,3 20,2 24,2 32,2 40,1
0,1 7,1 26,1 35,2 47,1
9,3 21,2 29,1 32,3 36,3 45,2 46,2
4,1 19,2 34,1 40,3
0,2 8,1 38,3 44,1
18,2 20,1 28,1
6,3 23,2 37,2 42,1 44,3
36,3 37,3
24,2 36,3 37,1 41,1 49,2
6,1 14,2 27,2
12,2 35,2
0,3 1,2 3,1 8,3 9,2 14,1 48,1
11,2 29,3
4,3 27,3 28,1 34,3 40,1 49,3
5,3 15,2 32,1
9,2 17,2 33,1
3,3 6,2 30,1
6,3 10,1 34,2 44,2 49,3
0,1 5,1 18,2 22,3 36,2 47,1
0,1 7,2 14,1 22,1 30,3 35,3 48,2
11,1 21,3 33,1 41,1 48,3 49,2
2,2 25,1 28,3 35,3 45,3
33,1 39,3 40,2 42,2
2,3 9,2 11,3 23,1 34,2 46,1
24,1 29,1 31,1 36,1 38,3 39,2
12,1 22,3 26,2 32,2
10,2 19,2 28,3 30,3 41,2 49,3
3,3 11,3 16,3 17,3 27,2 33,1 42,2
2,3 15,2 16,3 17,1 39,2 40,3
13,3 33,3 45,3 48,3
4,3 8,2 31,3 33,2 37,2 44,1
2,2 5,2 9,1 12,3 22,1 31,2 37,3 43,3 45,3 46,3
1,2 17,1 29,1 35,2 46,2
0,1 1,1 2,2 15,1 31,2 36,2 45,3
3,1 40,3
13,1 15,3 26,2 39,1
0,2 4,2 11,2 30,3 38,3 40,3 42,3
11,2 32,1 40,3 41,2
1,1 10,1 27,1
20,1 28,2 29,3 38,3
17,2 22,3 26,3 29,2 35,3
